750
195 118
365 697
65 510
710 876
0 856
190 528
157 595
288 64
102 66
659 117
527 49
182 147
366 104
991 227
782 469
681 840
428 857
818 295
72 471
982 253
973 731
598 796
774 795
461 980
670 601
422 583
521 337
470 902
236 487
372 180
904 700
417 97
492 200
901 464
498 231
542 898
943 562
988 221
705 947
909 564
424 115
93 620
144 290
36 685
395 930
273 615
808 206
882 580
940 813
752 343
409 243
259 271
407 437
984 53
810 171
465 415
95 529
143 636
699 825
617 32
198 894
137 163
589 920
444 633
215 59
44 703
162 798
224 573
31 701
945 957
910 494
61 476
788 339
447 474
891 684
199 797
537 388
368 586
91 915
885 868
643 262
789 634
657 628
912 18
341 892
418 603
373 625
138 152
15 835
160 501
304 711
307 155
883 919
249 10
834 558
717 590
330 133
128 934
285 405
482 535
151 599
735 398
188 80
709 20
511 995
484 318
714 386
624 961
101 392
88 105
958 668
46 941
751 884
547 572
932 805
158 853
952 673
608 661
2 866
263 363
750 129
336 459
478 953
452 770
71 40
996 749
525 119
660 242
814 153
123 6
990 54
548 85
587 321
744 653
619 979
445 518
458 985
828 466
974 55
759 427
753 833
481 269
524 816
977 394
721 544
675 715
52 781
322 223
949 327
563 607
737 631
426 82
246 306
84 571
26 858
218 582
172 126
12 967
832 449
637 824
165 794
234 204
517 635
335 793
248 612
686 503
662 256
937 27
568 475
674 96
324 403
862 419
413 665
237 264
512 402
443 929
344 134
762 161
903 30
801 345
371 622
226 861
769 270
773 999
156 58
280 359
881 438
841 960
847 68
927 375
800 376
175 185
214 79
838 69
578 408
897 8
382 783
338 651
552 577
981 168
968 993
879 956
384 289
401 965
666 385
130 490
331 76
600 632
291 150
244 871
534 911
872 414
94 183
765 543
696 399
57 116
252 873
266 51
146 630
683 553
609 689
545 99
410 763
191 918
114 207
726 108
760 740
817 124
664 173
513 522
86 720
716 916
131 928
495 238
455 523
806 566
383 496
695 257
698 454
350 434
581 353
676 946
37 310
67 432
355 758
169 846
297 618
390 837
250 47
585 579
201
663
456
561
229
742
211
849
425
693
460
533
317
140
121
819
851
442
964
704
323
688
650
265
45
187
831
213
420
467
899
284
863
39
748
436
864
627
219
111
360
463
311
642
411
780
125
641
75
315
555
718
669
489
70
113
626
178
34
298
963
614
159
378
906
730
576
25
325
314
732
347
992
228
747
887
584
926
827
435
646
281
755
309
81
836
983
107
623
878
877
778
406
332
829
267
690
205
193
986
300
914
925
412
334
60
723
421
276
820
400
217
541
369
42
575
975
43
969
713
17
329
830
367
860
28
473
639
278
870
746
260
16
859
647
896
629
275
768
678
164
505
997
302
3
240
296
821
50
777
546
196
282
245
500
597
194
539
845
41
192
216
644
283
790
255
922
791
356
370
233
14
22
294
232
239
11
655
170
888
483
292
24
526
569
812
149
640
357
890
74
120
381
823
520
506
203
955
209
109
804
279
21
638
761
616
854
959
277
326
679
803
485
842
423
976
557
889
98
645
507
430
815
502
299
103
202
602
942
776
852
905
939
802
736
895
691
654
9
596
739
19
141
142
725
374
272
514
593
63
550
556
333
667
362
90
361
348
320
397
77
970
756
346
656
488
972
605
258
613
468
179
907
472
604
694
377
559
757
766
83
100
261
807
921
707
439
722
900
416
148
719
210
340
89
446
875
167
391
944
92
994
826
621
978
112
328
293
301
767
741
839
440
592
594
908
477
186
611
404
702
312
220
712
787
504
754
729
35
33
448
13
743
687
166
591
865
154
530
724
48
87
433
792
305
738
913
950
692
508
775
1
462
145
733
560
971
499
23
682
658
106
29
431
917
389
551
938
352
606
536
387
110
951
354
429
874
441
680
379
532
342
393
734
189
7
212
538
652
451
127
954
855
38
222
254
672
867
764
457
73
785
78
531
588
933
241
966
706
574
319
486
56
570
132
364
931
936
4
351
480
174
987
515
648
649
349
843
708
184
811
962
247
727
274
287
286
784
177
671
358
313
230
176
893
880
779
491
136
519
139
509
822
62
844
380
493
479
516
497
197
316
771
998
786
809
303
848
989
869
225
235
554
5
799
924
745
677
396
251
565
268
453
308
772
450
135
540
567
549
728
122
923
610
208
935
886
948
181
850
